666 
168 666 
666 
170 666 
666 
166 666 
170 666 
168 666 
666 
3 4 5 666 
6 2 8 9 2 10 11 2 12 666 
3 13 3 666 
3 14 3 666 
3 15 3 666 
3 16 3 666 
3 17 3 666 
3 18 3 666 
3 19 3 666 
3 31 3 666 
3 32 3 666 
3 33 3 666 
2 34 4 666 
28 666 
30 666 
40 666 
49 666 
46 666 
54 666 
69 666 
57 666 
60 81 666 
73 666 
86 90 127 666 
94 96 99 104 110 112 666 
114 119 666 
123 666 
132 666 
138 147 666 
151 154 666 
165 666 
2 666 
2 666 
2 666 
2 666 
2 666 
2 666 
2 666 
2 666 
2 666 
127 666 
132 132 666 
